25
24
0 10813 2210 7399 2466 10065 8216 13123 12768 3085 1689 11800 4034 11592 8528 8124 5693 3216 1349 6246 5260 10683 6060 1694 9721
10813 0 9029 4426 9039 1460 3475 3884 3529 7870 10642 2561 7773 2353 2693 4305 7114 8125 10956 5097 7437 1444 6099 9515 2786
2210 9029 0 5615 682 8281 6432 11339 10984 1301 2039 10016 2250 9808 6744 6340 3909 1432 2353 4462 3476 8899 4276 912 7937
7399 4426 5615 0 5625 3678 1829 6736 6381 4456 7228 5413 4359 5205 2141 1737 3700 4711 7542 1683 4023 4296 2685 6101 3334
2466 9039 682 5625 0 8291 6442 11349 10994 1311 2295 10026 2260 9818 6754 6350 3919 1442 2609 4472 3486 8909 4286 1168 7947
10065 1460 8281 3678 8291 0 2727 3770 3415 7122 9894 2447 7025 2239 1945 3557 6366 7377 10208 4349 6689 1330 5351 8767 2038
8216 3475 6432 1829 6442 2727 0 5785 5430 5273 8045 4462 5176 4254 1190 1708 4517 5528 8359 2500 4840 3345 3502 6918 2383
13123 3884 11339 6736 11349 3770 5785 0 1625 10180 12952 1611 10083 3333 5003 6615 9424 10435 13266 7407 9747 2694 8409 11825 5096
12768 3529 10984 6381 10994 3415 5430 1625 0 9825 12597 1256 9728 2978 4648 6260 9069 10080 12911 7052 9392 2339 8054 11470 4741
3085 7870 1301 4456 1311 7122 5273 10180 9825 0 2914 8857 1091 8649 5585 5181 2750 397 3228 3303 2317 7740 3117 1787 6778
1689 10642 2039 7228 2295 9894 8045 12952 12597 2914 0 11629 3863 11421 8357 7953 5522 3045 1832 6075 5089 10512 5889 1523 9550
11800 2561 10016 5413 10026 2447 4462 1611 1256 8857 11629 0 8760 2010 3680 5292 8101 9112 11943 6084 8424 1371 7086 10502 3773
4034 7773 2250 4359 2260 7025 5176 10083 9728 1091 3863 8760 0 8552 5488 5084 2653 1346 4177 3206 2220 7643 3020 2736 6681
11592 2353 9808 5205 9818 2239 4254 3333 2978 8649 11421 2010 8552 0 3472 5084 7893 8904 11735 5876 8216 1163 6878 10294 3565
8528 2693 6744 2141 6754 1945 1190 5003 4648 5585 8357 3680 5488 3472 0 2020 4829 5840 8671 2812 5152 2563 3814 7230 1601
8124 4305 6340 1737 6350 3557 1708 6615 6260 5181 7953 5292 5084 5084 2020 0 4425 5436 8267 2408 4748 4175 3410 6826 3213
5693 7114 3909 3700 3919 6366 4517 9424 9069 2750 5522 8101 2653 7893 4829 4425 0 3005 5836 2547 2317 6984 2361 4395 6022
3216 8125 1432 4711 1442 7377 5528 10435 10080 397 3045 9112 1346 8904 5840 5436 3005 0 3359 3558 2572 7995 3372 1918 7033
1349 10956 2353 7542 2609 10208 8359 13266 12911 3228 1832 11943 4177 11735 8671 8267 5836 3359 0 6389 5403 10826 6203 1837 9864
6246 5097 4462 1683 4472 4349 2500 7407 7052 3303 6075 6084 3206 5876 2812 2408 2547 3558 6389 0 2870 4967 1532 4948 4005
5260 7437 3476 4023 3486 6689 4840 9747 9392 2317 5089 8424 2220 8216 5152 4748 2317 2572 5403 2870 0 7307 2684 3962 6345
10683 1444 8899 4296 8909 1330 3345 2694 2339 7740 10512 1371 7643 1163 2563 4175 6984 7995 10826 4967 7307 0 5969 9385 2656
6060 6099 4276 2685 4286 5351 3502 8409 8054 3117 5889 7086 3020 6878 3814 3410 2361 3372 6203 1532 2684 5969 0 4762 5007
1694 9515 912 6101 1168 8767 6918 11825 11470 1787 1523 10502 2736 10294 7230 6826 4395 1918 1837 4948 3962 9385 4762 0 8423
9721 2786 7937 3334 7947 2038 2383 5096 4741 6778 9550 3773 6681 3565 1601 3213 6022 7033 9864 4005 6345 2656 5007 8423 0

